# 0--Parade/0_Parade_marchingband_1_849.jpg
449 330 122 149 488.906 373.643 0.0 542.089 376.442 0.0 515.031 412.83 0.0 485.174 425.893 0.0 538.357 431.491 0.0 0.82
# 0--Parade/0_Parade_Parade_0_904.jpg
361 98 263 339 424.143 251.656 0.0 547.134 232.571 0.0 494.121 325.875 0.0 453.83 368.286 0.0 561.978 342.839 0.0 0.89
# 0--Parade/0_Parade_marchingband_1_799.jpg
78 221 7 8 -1.0 -1.0 -1.0 -1.0 -1.0 -1.0 -1.0 -1.0 -1.0 -1.0 -1.0 -1.0 -1.0 -1.0 -1.0 0.2
78 238 14 17 84.188 244.607 1.0 89.527 244.491 1.0 86.973 247.857 1.0 85.116 250.643 1.0 88.482 250.643 1.0 0.36
113 212 11 15 117.0 220.0 0.0 122.0 220.0 0.0 119.0 222.0 0.0 118.0 225.0 0.0 122.0 225.0 0.0 0.3
134 260 15 15 142.0 265.0 0.0 146.0 265.0 0.0 145.0 267.0 0.0 142.0 272.0 0.0 146.0 271.0 0.0 0.24
163 250 14 17 169.357 256.5 1.0 175.25 257.143 1.0 172.357 260.786 1.0 170.214 262.929 1.0 174.071 262.821 1.0 0.41
201 218 10 12 203.0 222.0 0.0 207.0 223.0 0.0 204.0 225.0 0.0 203.0 227.0 0.0 206.0 227.0 0.0 0.22
182 266 15 17 189.723 271.487 0.0 195.527 271.152 0.0 193.741 274.835 0.0 191.062 278.406 0.0 194.969 278.295 0.0 0.32
245 279 18 15 254.116 281.973 1.0 259.571 281.277 1.0 257.83 284.411 1.0 255.161 287.661 1.0 259.223 287.08 1.0 0.26
304 265 16 17 309.0 272.0 0.0 314.0 270.0 1.0 314.0 275.0 0.0 312.0 279.0 0.0 316.0 278.0 1.0 0.29
328 295 16 20 337.0 303.0 0.0 343.0 302.0 0.0 341.0 307.0 0.0 339.0 312.0 0.0 343.0 312.0 0.0 0.32
389 281 17 19 396.0 290.0 0.0 401.0 289.0 1.0 400.0 294.0 1.0 399.0 297.0 0.0 403.0 296.0 1.0 0.27
406 293 21 21 415.808 298.987 1.0 424.527 299.263 1.0 421.897 302.446 1.0 418.438 307.567 1.0 422.589 307.567 1.0 0.37
436 290 22 17 442.857 292.929 0.0 453.857 292.786 1.0 450.429 296.357 0.0 447.571 301.357 1.0 452.714 301.071 1.0 0.45
522 328 21 18 530.0 332.0 0.0 539.0 330.0 0.0 536.0 335.0 0.0 533.0 341.0 0.0 539.0 340.0 0.0 0.29
643 320 23 22 653.241 323.062 0.0 661.893 323.67 0.0 661.438 328.83 0.0 653.393 334.446 0.0 661.134 334.75 0.0 0.28
653 224 17 25 664.143 233.031 0.0 668.933 232.866 0.0 669.429 236.996 0.0 664.804 239.308 0.0 669.924 239.473 1.0 0.36
793 337 23 30 804.46 348.429 0.0 812.714 348.237 0.0 811.754 355.339 0.0 804.076 359.562 0.0 810.987 359.562 0.0 0.47
535 311 16 17 540.0 316.0 0.0 547.0 315.0 0.0 544.0 320.0 0.0 542.0 324.0 0.0 547.0 323.0 0.0 0.26
29 220 11 15 33.42 226.804 1.0 38.134 226.804 1.0 36.17 229.554 1.0 33.812 231.616 1.0 38.036 231.42 1.0 0.34
3 232 11 15 8.0 240.0 0.0 14.0 239.0 0.0 12.0 243.0 1.0 9.0 245.0 1.0 14.0 245.0 1.0 0.29
20 215 12 16 24.0 221.0 0.0 30.0 221.0 1.0 26.0 224.0 1.0 24.0 228.0 1.0 28.0 229.0 1.0 0.26
# 0--Parade/0_Parade_marchingband_1_117.jpg
69 359 50 36 92.232 391.397 1.0 94.451 377.451 1.0 103.326 386.326 0.0 109.348 388.228 0.0 109.348 377.134 0.0 0.53
227 382 56 43 244.0 399.0 1.0 248.0 418.0 1.0 238.0 412.0 0.0 234.0 405.0 0.0 237.0 416.0 0.0 0.5
296 305 44 26 324.0 318.0 1.0 324.0 330.0 1.0 316.0 329.0 0.0 308.0 320.0 0.0 307.0 331.0 0.0 0.4
353 280 40 36 371.737 295.464 1.0 379.116 302.844 1.0 370.464 304.879 1.0 360.54 306.152 1.0 367.665 312.513 1.0 0.4
885 377 63 41 919.076 401.371 1.0 915.103 413.29 1.0 907.951 407.33 1.0 899.607 395.808 0.0 896.429 406.536 0.0 0.66
819 391 34 43 838.0 431.0 1.0 842.0 416.0 1.0 847.0 425.0 0.0 849.0 421.0 1.0 849.0 414.0 1.0 0.49
727 342 37 31 -1.0 -1.0 -1.0 -1.0 -1.0 -1.0 -1.0 -1.0 -1.0 -1.0 -1.0 -1.0 -1.0 -1.0 -1.0 0.5
598 246 33 29 609.0 266.0 0.0 616.0 259.0 0.0 615.0 269.0 0.0 618.0 273.0 0.0 625.0 268.0 0.0 0.29
740 308 45 33 -1.0 -1.0 -1.0 -1.0 -1.0 -1.0 -1.0 -1.0 -1.0 -1.0 -1.0 -1.0 -1.0 -1.0 -1.0 0.48
# 0--Parade/0_Parade_marchingband_1_778.jpg
27 226 33 36 -1.0 -1.0 -1.0 -1.0 -1.0 -1.0 -1.0 -1.0 -1.0 -1.0 -1.0 -1.0 -1.0 -1.0 -1.0 0.41
63 95 16 19 -1.0 -1.0 -1.0 -1.0 -1.0 -1.0 -1.0 -1.0 -1.0 -1.0 -1.0 -1.0 -1.0 -1.0 -1.0 0.24
64 63 17 18 -1.0 -1.0 -1.0 -1.0 -1.0 -1.0 -1.0 -1.0 -1.0 -1.0 -1.0 -1.0 -1.0 -1.0 -1.0 0.21
88 13 16 15 -1.0 -1.0 -1.0 -1.0 -1.0 -1.0 -1.0 -1.0 -1.0 -1.0 -1.0 -1.0 -1.0 -1.0 -1.0 0.21
231 1 13 13 -1.0 -1.0 -1.0 -1.0 -1.0 -1.0 -1.0 -1.0 -1.0 -1.0 -1.0 -1.0 -1.0 -1.0 -1.0 0.2
263 122 14 20 -1.0 -1.0 -1.0 -1.0 -1.0 -1.0 -1.0 -1.0 -1.0 -1.0 -1.0 -1.0 -1.0 -1.0 -1.0 0.23
367 68 15 23 -1.0 -1.0 -1.0 -1.0 -1.0 -1.0 -1.0 -1.0 -1.0 -1.0 -1.0 -1.0 -1.0 -1.0 -1.0 0.34
198 98 15 18 -1.0 -1.0 -1.0 -1.0 -1.0 -1.0 -1.0 -1.0 -1.0 -1.0 -1.0 -1.0 -1.0 -1.0 -1.0 0.24
293 161 52 59 306.875 185.125 1.0 326.0 184.75 1.0 315.125 196.0 0.0 308.0 203.875 1.0 327.5 203.125 0.0 0.57
412 36 14 20 -1.0 -1.0 -1.0 -1.0 -1.0 -1.0 -1.0 -1.0 -1.0 -1.0 -1.0 -1.0 -1.0 -1.0 -1.0 0.24
441 23 17 13 -1.0 -1.0 -1.0 -1.0 -1.0 -1.0 -1.0 -1.0 -1.0 -1.0 -1.0 -1.0 -1.0 -1.0 -1.0 0.21
475 40 14 21 -1.0 -1.0 -1.0 -1.0 -1.0 -1.0 -1.0 -1.0 -1.0 -1.0 -1.0 -1.0 -1.0 -1.0 -1.0 0.24
510 23 14 17 -1.0 -1.0 -1.0 -1.0 -1.0 -1.0 -1.0 -1.0 -1.0 -1.0 -1.0 -1.0 -1.0 -1.0 -1.0 0.28
576 30 16 15 -1.0 -1.0 -1.0 -1.0 -1.0 -1.0 -1.0 -1.0 -1.0 -1.0 -1.0 -1.0 -1.0 -1.0 -1.0 0.21
577 71 16 21 -1.0 -1.0 -1.0 -1.0 -1.0 -1.0 -1.0 -1.0 -1.0 -1.0 -1.0 -1.0 -1.0 -1.0 -1.0 0.36
595 94 16 20 -1.0 -1.0 -1.0 -1.0 -1.0 -1.0 -1.0 -1.0 -1.0 -1.0 -1.0 -1.0 -1.0 -1.0 -1.0 0.27
570 126 13 16 -1.0 -1.0 -1.0 -1.0 -1.0 -1.0 -1.0 -1.0 -1.0 -1.0 -1.0 -1.0 -1.0 -1.0 -1.0 0.22
645 171 52 58 653.826 191.719 1.0 674.946 190.237 1.0 661.607 201.723 1.0 655.308 212.839 1.0 675.317 212.469 1.0 0.33
719 98 11 15 -1.0 -1.0 -1.0 -1.0 -1.0 -1.0 -1.0 -1.0 -1.0 -1.0 -1.0 -1.0 -1.0 -1.0 -1.0 0.22
791 154 54 49 803.062 165.125 1.0 829.531 164.781 1.0 815.781 173.031 0.0 807.531 185.75 1.0 823.688 185.406 1.0 0.44
884 97 16 21 885.741 105.527 0.0 894.446 106.062 0.0 889.089 111.554 0.0 886.277 115.839 1.0 894.312 116.375 1.0 0.31
898 48 15 21 -1.0 -1.0 -1.0 -1.0 -1.0 -1.0 -1.0 -1.0 -1.0 -1.0 -1.0 -1.0 -1.0 -1.0 -1.0 0.27
945 89 15 20 950.875 98.25 0.0 958.625 97.875 0.0 955.5 102.5 0.0 951.5 106.125 0.0 959.125 105.125 0.0 0.25
922 38 15 16 -1.0 -1.0 -1.0 -1.0 -1.0 -1.0 -1.0 -1.0 -1.0 -1.0 -1.0 -1.0 -1.0 -1.0 -1.0 0.22
743 71 11 18 -1.0 -1.0 -1.0 -1.0 -1.0 -1.0 -1.0 -1.0 -1.0 -1.0 -1.0 -1.0 -1.0 -1.0 -1.0 0.27
841 18 16 16 -1.0 -1.0 -1.0 -1.0 -1.0 -1.0 -1.0 -1.0 -1.0 -1.0 -1.0 -1.0 -1.0 -1.0 -1.0 0.24
980 56 13 20 -1.0 -1.0 -1.0 -1.0 -1.0 -1.0 -1.0 -1.0 -1.0 -1.0 -1.0 -1.0 -1.0 -1.0 -1.0 0.3
1001 107 14 13 -1.0 -1.0 -1.0 -1.0 -1.0 -1.0 -1.0 -1.0 -1.0 -1.0 -1.0 -1.0 -1.0 -1.0 -1.0 0.2
488 2 12 18 -1.0 -1.0 -1.0 -1.0 -1.0 -1.0 -1.0 -1.0 -1.0 -1.0 -1.0 -1.0 -1.0 -1.0 -1.0 0.22
586 1 15 17 -1.0 -1.0 -1.0 -1.0 -1.0 -1.0 -1.0 -1.0 -1.0 -1.0 -1.0 -1.0 -1.0 -1.0 -1.0 0.2
669 1 12 15 -1.0 -1.0 -1.0 -1.0 -1.0 -1.0 -1.0 -1.0 -1.0 -1.0 -1.0 -1.0 -1.0 -1.0 -1.0 0.21
744 2 18 15 -1.0 -1.0 -1.0 -1.0 -1.0 -1.0 -1.0 -1.0 -1.0 -1.0 -1.0 -1.0 -1.0 -1.0 -1.0 0.22
803 3 18 17 -1.0 -1.0 -1.0 -1.0 -1.0 -1.0 -1.0 -1.0 -1.0 -1.0 -1.0 -1.0 -1.0 -1.0 -1.0 0.21
294 2 11 10 -1.0 -1.0 -1.0 -1.0 -1.0 -1.0 -1.0 -1.0 -1.0 -1.0 -1.0 -1.0 -1.0 -1.0 -1.0 0.19
203 0 13 14 -1.0 -1.0 -1.0 -1.0 -1.0 -1.0 -1.0 -1.0 -1.0 -1.0 -1.0 -1.0 -1.0 -1.0 -1.0 0.2
# 0--Parade/0_Parade_Parade_0_343.jpg
134 580 12 14 -1.0 -1.0 -1.0 -1.0 -1.0 -1.0 -1.0 -1.0 -1.0 -1.0 -1.0 -1.0 -1.0 -1.0 -1.0 0.27
55 581 5 10 -1.0 -1.0 -1.0 -1.0 -1.0 -1.0 -1.0 -1.0 -1.0 -1.0 -1.0 -1.0 -1.0 -1.0 -1.0 0.2
108 551 14 25 -1.0 -1.0 -1.0 -1.0 -1.0 -1.0 -1.0 -1.0 -1.0 -1.0 -1.0 -1.0 -1.0 -1.0 -1.0 0.28
135 540 5 7 -1.0 -1.0 -1.0 -1.0 -1.0 -1.0 -1.0 -1.0 -1.0 -1.0 -1.0 -1.0 -1.0 -1.0 -1.0 0.19
1005 554 15 22 -1.0 -1.0 -1.0 -1.0 -1.0 -1.0 -1.0 -1.0 -1.0 -1.0 -1.0 -1.0 -1.0 -1.0 -1.0 0.34
989 592 16 21 -1.0 -1.0 -1.0 -1.0 -1.0 -1.0 -1.0 -1.0 -1.0 -1.0 -1.0 -1.0 -1.0 -1.0 -1.0 0.29
961 555 13 19 -1.0 -1.0 -1.0 -1.0 -1.0 -1.0 -1.0 -1.0 -1.0 -1.0 -1.0 -1.0 -1.0 -1.0 -1.0 0.27
946 568 15 21 948.75 573.446 1.0 952.634 573.58 0.0 949.018 576.527 0.0 949.42 579.473 1.0 953.17 578.938 0.0 0.32
922 555 15 19 -1.0 -1.0 -1.0 -1.0 -1.0 -1.0 -1.0 -1.0 -1.0 -1.0 -1.0 -1.0 -1.0 -1.0 -1.0 0.33
900 583 12 17 -1.0 -1.0 -1.0 -1.0 -1.0 -1.0 -1.0 -1.0 -1.0 -1.0 -1.0 -1.0 -1.0 -1.0 -1.0 0.28
897 569 12 13 -1.0 -1.0 -1.0 -1.0 -1.0 -1.0 -1.0 -1.0 -1.0 -1.0 -1.0 -1.0 -1.0 -1.0 -1.0 0.23
829 581 15 21 -1.0 -1.0 -1.0 -1.0 -1.0 -1.0 -1.0 -1.0 -1.0 -1.0 -1.0 -1.0 -1.0 -1.0 -1.0 0.36
812 575 12 19 -1.0 -1.0 -1.0 -1.0 -1.0 -1.0 -1.0 -1.0 -1.0 -1.0 -1.0 -1.0 -1.0 -1.0 -1.0 0.22
824 564 9 13 -1.0 -1.0 -1.0 -1.0 -1.0 -1.0 -1.0 -1.0 -1.0 -1.0 -1.0 -1.0 -1.0 -1.0 -1.0 0.22
855 578 10 13 -1.0 -1.0 -1.0 -1.0 -1.0 -1.0 -1.0 -1.0 -1.0 -1.0 -1.0 -1.0 -1.0 -1.0 -1.0 0.21
985 663 15 21 -1.0 -1.0 -1.0 -1.0 -1.0 -1.0 -1.0 -1.0 -1.0 -1.0 -1.0 -1.0 -1.0 -1.0 -1.0 0.34
587 574 7 12 -1.0 -1.0 -1.0 -1.0 -1.0 -1.0 -1.0 -1.0 -1.0 -1.0 -1.0 -1.0 -1.0 -1.0 -1.0 0.23
333 386 11 16 -1.0 -1.0 -1.0 -1.0 -1.0 -1.0 -1.0 -1.0 -1.0 -1.0 -1.0 -1.0 -1.0 -1.0 -1.0 0.2